 -1.319414 0.000100 0.000100 0.000100
 -1.517651 0.000100 0.000100 0.000100
 -1.396901 0.000100 0.000100 0.000100
 -1.323810 0.000100 0.000100 0.000100
 -1.034897 -1.668145 -1.622683 -1.351808
 -1.103975 -1.542229 -1.446919 -1.517536
 -0.982411 -1.638286 -1.523216 -1.545195
 -1.687280 -1.574802 -1.220258 -1.162271
 -1.054161 -1.704748 -1.465075 -1.432814
 -1.134331 -1.615302 -1.530745 -1.335001
 -1.031602 -1.619388 -1.644705 -1.376442
 -1.737692 -1.591088 -1.084819 -1.264405
 -1.154627 -1.885513 -1.471539 -1.192368
 -1.180163 -1.585627 -1.933932 -1.068937
 -1.142415 -1.415282 -1.585907 -1.455287
 -1.704747 -1.461802 -1.203973 -1.250493
 -1.382119 -1.186004 -1.605262 -1.416021
 -1.252763 -1.797489 -1.553868 -1.087249
 -1.214444 -1.386294 -1.496295 -1.473306
 -1.484036 -1.520404 -1.246709 -1.319734
 -1.364120 -1.346729 -1.769585 -1.158677
 -1.069625 -1.950823 -1.852383 -1.027661
 -1.198961 -1.381282 -1.486642 -1.509115
 -1.512927 -1.435966 -1.297816 -1.314076
 -1.293673 -1.706859 -1.309177 -1.293673
 -1.468084 -1.538701 -1.614687 -1.032766
 -1.205858 -1.033016 -1.957272 -1.592630
 -1.799856 -1.601405 -1.036092 -1.279322
 -1.202332 -1.305873 -1.879218 -1.287854
 -1.275871 -1.699684 -1.727855 -1.020525
 -1.165946 -1.080179 -1.787118 -1.707076
 -1.622123 -1.665608 -1.115562 -1.252763
 -1.360542 -1.218572 -1.774517 -1.279196
 -1.450514 -2.046496 -1.704747 -0.788458
 -1.241713 -1.167606 -1.582038 -1.637608
 -1.605173 -1.871801 -1.012670 -1.265667
 -1.571518 -1.113212 -1.866982 -1.173836
 -1.593522 -2.012231 -1.765372 -0.709321
 -1.250254 -0.949500 -1.827568 -1.796796
 -1.517630 -1.732040 -1.106335 -1.298002
 -1.381179 -1.068308 -2.014901 -1.302708
 -1.546637 -2.284233 -2.330753 -0.531092
 -1.060873 -0.809559 -2.639052 -1.985129
 -1.433547 -2.126693 -0.985971 -1.312186
 -1.501807 -0.861029 -1.992429 -1.522426
 -2.125249 -2.595250 -2.258780 -0.354546
 -0.851554 -0.961902 -2.491291 -2.223029
 -1.522426 -2.120262 -0.889384 -1.382665
 -1.187444 -0.980830 -3.218865 -1.272966
 -1.902106 -2.007466 -2.358863 -0.474992
 -0.781702 -1.187166 -2.342933 -1.957272
 -1.354091 -1.788129 -1.001651 -1.573720
 -1.098613 -1.086343 -2.659844 -1.349927
 -1.396245 -2.263742 -2.217223 -0.616921
 -0.545919 -1.644528 -2.143517 -2.204142
 -1.338048 -1.883274 -1.117807 -1.352646
 -1.444282 -1.095098 -2.557929 -1.043804
 -0.922157 -1.740465 -2.251289 -1.134331
 -0.536988 -2.122611 -2.557925 -1.521839
 -1.537844 -1.881615 -0.991301 -1.340485
 -1.466337 -1.143564 -2.473975 -1.004302
 -1.024110 -1.643148 -1.614977 -1.391834
 -0.666120 -1.651401 -1.987872 -1.848111
 -1.621366 -1.621366 -1.151363 -1.242930
 -1.601563 -0.969042 -2.825334 -1.022530
 -1.155183 -1.448170 -1.714798 -1.309333
 -1.061572 -1.355332 -1.701607 -1.542543
 -1.700607 -1.459445 -1.295142 -1.167309
 -1.353959 -1.429466 -2.029086 -0.991845
 -1.321756 -1.403101 -1.529395 -1.306252
 -1.549619 -1.687769 -1.457246 -0.994623
 -1.848454 -1.317827 -1.394199 -1.118494
 -1.335001 -1.355204 -2.302582 -0.970359
 -1.451809 -1.228666 -2.027171 -1.074515
 -1.462577 -1.326002 -1.957272 -1.017267
 -1.831691 -1.334290 -1.433662 -1.084478
 -1.364788 -1.408273 -2.381719 -0.897448
 -1.449095 -1.294945 -1.800492 -1.120592
 -1.263692 -1.708377 -1.708377 -1.035434
 -1.922920 -1.376377 -1.775284 -0.839576
 -1.225952 -1.408273 -2.324561 -1.010244
 -1.628762 -1.353350 -1.653454 -1.038270
 -1.291679 -1.348837 -1.830673 -1.186318
 -2.058387 -1.330150 -1.478570 -0.967744
 -1.127940 -1.515705 -3.073840 -0.890613
 -1.350576 -1.266493 -2.503252 -0.974788
 -1.105128 -1.299283 -2.264360 -1.230291
 -1.985914 -1.504077 -1.791759 -0.746852
 -0.712757 -2.032037 -2.332141 -1.267433
 -0.814509 -2.169051 -1.304056 -1.763588
 -0.895015 -1.824547 -1.313724 -1.824547
 -1.308042 -1.509908 -1.087052 -1.763104
 -1.706287 -0.207877 -5.090629 -14.994166
 -1.554629 -0.246299 -4.955730 -14.166170
 -2.440053 -0.101293 -4.691299 -14.594837
 -2.233589 -0.126753 -4.430769 -14.334307
 -0.000002 -14.046625 -14.046625 -14.046625
 -0.000001 -15.789593 -15.789593 -15.789593
 -0.000043 -11.156308 -11.156308 -11.156308
 -1.386294 -1.386294 -1.386294 -1.386294
 -15.959101 -15.959101 -0.000000 -15.959101
 -1.386294 -1.386294 -1.386294 -1.386294
 -1.386294 -1.386294 -1.386294 -1.386294
 -1.386294 -1.386294 -1.386294 -1.386294
 -1.386294 -1.386294 -1.386294 -1.386294
 -1.386294 -1.386294 -1.386294 -1.386294
 -1.337113 -1.607096 -1.203582 -1.440492
 -1.386294 -1.386294 -1.386294 -1.386294
 -1.540445 -1.404313 -1.627456 -1.067841
 -1.707675 -1.134331 -1.675927 -1.171372
 -1.484734 -1.201372 -1.807507 -1.175730
 -1.752919 -1.165133 -1.376442 -1.337976
 -1.215669 -1.140162 -2.582540 -1.177203
 -1.461018 -1.301953 -1.589635 -1.231002
 -1.217876 -1.518981 -1.603538 -1.258698
 -1.617100 -1.198897 -1.542993 -1.250857
 -1.304140 0.000100 0.000100 0.000100
 -1.398929 0.000100 0.000100 0.000100
 -1.513110 0.000100 0.000100 0.000100
 -1.341287 0.000100 0.000100 0.000100
 -1.455972 -1.403741 -1.089073 -1.689446
 -1.518615 -1.202828 -1.777430 -1.166134
 -1.325035 -1.497550 -1.413893 -1.319255
 -1.983817 -1.125129 -1.299355 -1.327503
 -1.286287 -1.565311 -1.259593 -1.465714
 -1.238570 -1.461004 -1.368761 -1.497109
 -1.190399 -1.563586 -1.277738 -1.570943
 -1.768327 -1.375057 -1.091547 -1.423540
 -1.087374 -1.596696 -1.539359 -1.403171
 -1.312935 -1.379083 -1.596298 -1.285486
 -1.152745 -1.414611 -1.502506 -1.520332
 -1.732847 -1.261958 -1.403493 -1.222873
 -1.526907 -1.358348 -1.060287 -1.718404
 -1.558725 -1.192275 -1.791295 -1.141556
 -1.253147 -1.497324 -1.449351 -1.362794
 -2.032178 -1.082391 -1.328964 -1.326463
 -1.282616 -1.555100 -1.268060 -1.469051
 -1.219811 -1.471902 -1.374528 -1.503877
 -1.216890 -1.561119 -1.253203 -1.568484
 -1.697937 -1.359544 -1.085700 -1.502846
 -1.110708 -1.588827 -1.523697 -1.391892
 -1.333759 -1.388036 -1.659907 -1.214719
 -1.190480 -1.393373 -1.469608 -1.524764
 -1.846340 -1.210064 -1.444676 -1.177052
 -1.484423 -1.440899 -1.058471 -1.662490
 -1.451320 -1.171212 -1.783129 -1.246057
 -1.303336 -1.489849 -1.388621 -1.372193
 -2.003497 -1.081816 -1.356719 -1.314333
 -1.293315 -1.590345 -1.249994 -1.446985
 -1.232028 -1.484930 -1.378230 -1.470733
 -1.215600 -1.526495 -1.275855 -1.575134
 -1.763740 -1.406270 -1.119516 -1.358275
 -1.141618 -1.550161 -1.512840 -1.393518
 -1.297180 -1.390090 -1.700338 -1.220699
 -1.147631 -1.487737 -1.476378 -1.477247
 -1.700003 -1.261705 -1.442478 -1.211317
 -1.465792 -1.447379 -1.066244 -1.662733
 -1.590363 -1.149436 -1.745859 -1.187975
 -1.320265 -1.493878 -1.390716 -1.348852
 -2.101273 -1.082072 -1.313134 -1.309959
 -1.265767 -1.654622 -1.206477 -1.480327
 -1.193256 -1.500448 -1.348629 -1.541119
 -1.219522 -1.543823 -1.265764 -1.565220
 -1.712128 -1.423521 -1.068976 -1.446919
 -1.156447 -1.595277 -1.451827 -1.392701
 -1.339045 -1.407474 -1.634325 -1.210462
 -1.094974 -1.476362 -1.522762 -1.519250
 -1.826138 -1.223622 -1.428654 -1.186881
 -1.474802 -1.426568 -1.026253 -1.756214
 -1.508333 -1.147190 -1.759038 -1.241387
 -1.245658 -1.566327 -1.409740 -1.350036
 -2.023430 -1.097753 -1.301435 -1.339266
 -1.275679 -1.558342 -1.224197 -1.531180
 -1.229399 -1.447482 -1.353676 -1.541401
 -1.221437 -1.478544 -1.267235 -1.631606
 -1.682224 -1.424679 -1.082014 -1.450120
 -1.135218 -1.572474 -1.454921 -1.436755
 -1.298050 -1.400705 -1.655887 -1.239287
 -1.066942 -1.420804 -1.556402 -1.591953
 -1.744665 -1.247507 -1.418154 -1.217681
 -1.497462 -1.401266 -1.016666 -1.782490
 -1.543159 -1.150823 -1.726350 -1.231049
 -1.311670 -1.548570 -1.312629 -1.390435
 -2.055066 -1.084579 -1.308221 -1.333432
 -1.305307 -1.549311 -1.209356 -1.522677
 -1.208373 -1.509258 -1.370014 -1.486602
 -1.205834 -1.526015 -1.253176 -1.621705
 -1.690364 -1.408446 -1.094381 -1.442746
 -1.188278 -1.532461 -1.479691 -1.380142
 -1.318666 -1.370009 -1.726968 -1.202038
 -1.161521 -1.394483 -1.501847 -1.531040
 -1.721013 -1.255348 -1.455213 -1.194723
 -1.565784 -1.377989 -1.063377 -1.641429
 -1.641055 -1.162152 -1.736951 -1.147732
 -1.350599 -1.448031 -1.376150 -1.373049
 -2.029824 -1.078848 -1.325304 -1.335860
 -1.340511 -1.660762 -1.181479 -1.421014
 -1.254342 -1.491238 -1.282395 -1.549893
 -1.185094 -1.624656 -1.186507 -1.650170
 -1.775085 -1.438986 -1.027939 -1.445537
 -1.098833 -1.731005 -1.380576 -1.434644
 -1.305825 -1.413899 -1.567506 -1.282680
 -1.129640 -1.518087 -1.363106 -1.600206
 -1.720390 -1.347233 -1.304383 -1.238892
 -1.473288 -1.344234 -1.007762 -1.930643
 -1.522554 -0.863188 -1.811013 -1.626879
 -1.411466 -1.364861 -1.481194 -1.296702
 -2.223019 -0.893945 -1.316094 -1.539451
 -0.939398 -1.318167 -1.074374 -17.383917
 -0.738296 -1.543803 -1.176017 -17.887440
 -0.756823 -1.568443 -1.131726 -17.651947
 -1.406593 -1.177623 -0.805167 -17.408155
 0.000000 -18.099787 -18.099787 -18.099787
 0.000000 -17.573683 -17.573683 -17.573683
 0.000000 -17.932920 -17.932920 -17.932920
 -1.386294 -1.386294 -1.386294 -1.386294
 -18.990643 -18.990643 0.000000 -18.990643
 -1.386294 -1.386294 -1.386294 -1.386294
 -1.386294 -1.386294 -1.386294 -1.386294
 -1.386294 -1.386294 -1.386294 -1.386294
 -1.386294 -1.386294 -1.386294 -1.386294
 -1.386294 -1.386294 -1.386294 -1.386294
 -1.281477 -1.521103 -1.199196 -1.597184
 -1.386294 -1.386294 -1.386294 -1.386294
 -1.071087 -1.557635 -1.542280 -1.457414
 -1.280986 -1.610215 -1.619323 -1.125903
 -1.128704 -1.412527 -1.615082 -1.451809
 -1.472595 -1.312027 -1.488556 -1.288448
 -1.459880 -1.480398 -1.060118 -1.641065
 -1.521935 -1.258186 -1.737226 -1.134652
 -1.277086 -1.547074 -1.414659 -1.326996
 -1.962018 -1.166742 -1.302455 -1.286694
