 -1.237056 0.000100 0.000100 0.000100
 -1.568088 0.000100 0.000100 0.000100
 -1.574437 0.000100 0.000100 0.000100
 -1.223512 0.000100 0.000100 0.000100
 -1.282754 -1.522426 -1.501807 -1.266493
 -1.324926 -1.884540 -1.628607 -0.951722
 -0.961902 -1.655048 -1.500897 -1.590509
 -1.364120 -1.823652 -1.103107 -1.381820
 -1.145133 -1.655957 -1.609437 -1.234745
 -1.035434 -1.791758 -1.461518 -1.400893
 -1.067360 -1.457557 -1.745239 -1.391599
 -1.400614 -1.825497 -1.089179 -1.362874
 -1.033015 -1.702631 -1.420780 -1.512588
 -1.249273 -1.784789 -1.407496 -1.201645
 -0.973450 -1.455287 -1.696448 -1.582038
 -1.604425 -1.709785 -1.002846 -1.381282
 -1.202543 -1.480746 -1.644375 -1.276651
 -1.287855 -1.718636 -1.680896 -1.025491
 -1.145133 -1.376244 -1.704747 -1.396447
 -1.648658 -1.353859 -1.160956 -1.442806
 -1.330205 -1.348554 -1.673976 -1.243194
 -1.278664 -1.704747 -1.769286 -0.996097
 -1.135654 -1.080594 -1.927890 -1.640209
 -1.299283 -1.815973 -1.264797 -1.264797
 -1.207093 -1.288439 -1.900239 -1.288439
 -1.219241 -1.912386 -1.874646 -0.907805
 -0.913008 -1.440361 -1.805003 -1.622682
 -1.546637 -1.504077 -1.098613 -1.463255
 -1.130506 -1.600509 -1.693599 -1.232785
 -1.198074 -2.085374 -1.797693 -0.895793
 -1.288656 -1.060873 -1.682559 -1.648658
 -1.945909 -1.683545 -0.977660 -1.219973
 -1.217672 -1.289131 -1.751753 -1.366092
 -1.603168 -1.977860 -1.736699 -0.725100
 -1.098613 -1.187166 -1.918052 -1.538563
 -1.570387 -1.865186 -1.143869 -1.143869
 -1.386294 -1.200578 -1.751753 -1.289131
 -1.773740 -2.708044 -2.061421 -0.451987
 -0.948040 -1.123931 -2.079439 -1.817076
 -1.683870 -1.639418 -1.049220 -1.309177
 -1.471816 -1.082352 -1.877280 -1.277661
 -1.627456 -1.905087 -2.290747 -0.591366
 -1.191394 -0.857903 -2.018070 -1.971551
 -1.374318 -1.933933 -0.963577 -1.510120
 -1.375599 -1.036093 -2.453154 -1.182696
 -1.813036 -2.068968 -2.111528 -0.528526
 -0.804739 -0.891751 -3.001953 -2.373350
 -1.466337 -1.842814 -1.067430 -1.320625
 -1.432104 -0.999240 -2.818392 -1.098613
 -1.956435 -2.544219 -2.161229 -0.408088
 -0.804853 -1.148623 -2.327273 -1.978968
 -1.244566 -1.909541 -1.149256 -1.398717
 -1.078810 -1.139435 -2.995724 -1.237875
 -1.271225 -2.266650 -1.964370 -0.743159
 -0.549506 -1.867743 -2.327273 -1.767660
 -1.507774 -1.991200 -0.957728 -1.353624
 -1.342375 -1.119232 -2.556816 -1.094539
 -1.393620 -1.741926 -1.875457 -0.859539
 -0.561297 -2.008212 -2.113572 -1.745849
 -1.473706 -1.736070 -1.297816 -1.134491
 -1.489293 -0.959776 -2.820523 -1.102877
 -1.039424 -1.488948 -1.880989 -1.315677
 -0.836249 -1.386294 -1.954276 -1.742968
 -1.738793 -1.544638 -1.333329 -1.057623
 -1.472862 -1.088904 -2.838097 -0.979205
 -1.277095 -1.576338 -1.648658 -1.132846
 -1.313388 -1.521026 -1.734600 -1.090245
 -1.591893 -1.591893 -1.413202 -1.051088
 -1.258243 -1.683125 -2.118441 -0.891999
 -1.171885 -1.501363 -1.749199 -1.225952
 -1.296682 -1.633154 -1.519825 -1.163151
 -2.170955 -1.429019 -1.309474 -0.977035
 -1.352393 -1.575536 -2.163320 -0.868597
 -1.332550 -1.567389 -2.049226 -0.919364
 -1.475090 -1.392852 -1.772340 -1.041455
 -2.189788 -1.416600 -1.342492 -0.956259
 -1.419520 -1.316866 -3.084516 -0.810931
 -2.017795 -1.241269 -1.515705 -1.026158
 -1.336462 -1.518783 -1.741926 -1.069834
 -1.679642 -1.369487 -1.576101 -1.042585
 -1.583292 -1.256080 -2.820047 -0.797773
 -1.326871 -1.386294 -1.812378 -1.134980
 -1.229949 -1.401798 -1.871800 -1.178656
 -1.595303 -1.195704 -1.560817 -1.256328
 -1.353142 -2.046287 -3.102332 -0.566664
 -1.353350 -1.558144 -2.569741 -0.788458
 -1.321756 -1.491655 -2.389591 -0.875470
 -1.811880 -1.555161 -1.675305 -0.824973
 -0.809487 -2.017795 -2.514229 -1.075755
 -0.847299 -2.157216 -1.464072 -1.493925
 -0.910214 -2.104129 -1.271226 -1.634129
 -1.468211 -1.716047 -1.046617 -1.432279
 -14.751605 -14.751605 -14.751605 -0.000001
 -13.946543 -13.946543 -13.946543 -0.000003
 -14.488457 -14.488457 -14.488457 -0.000002
 -14.473033 -14.473033 -14.473033 -0.000002
 -1.386294 -1.386294 -1.386294 -1.386294
 -1.386294 -1.386294 -1.386294 -1.386294
 -1.386294 -1.386294 -1.386294 -1.386294
 -0.000000 -15.841024 -15.841024 -15.841024
 -15.841024 -15.841024 -0.000000 -15.841024
 -1.386294 -1.386294 -1.386294 -1.386294
 -1.386294 -1.386294 -1.386294 -1.386294
 -1.386294 -1.386294 -1.386294 -1.386294
 -1.386294 -1.386294 -1.386294 -1.386294
 -1.386294 -1.386294 -1.386294 -1.386294
 -1.388936 -1.388936 -1.302807 -1.471628
 -1.386294 -1.386294 -1.386294 -1.386294
 -2.022869 -1.007641 -2.297305 -0.911014
 -1.776010 -1.181304 -1.776010 -1.037055
 -1.499235 -1.217003 -1.862139 -1.123184
 -1.757857 -1.170072 -1.247033 -1.470176
 -1.176778 -1.019149 -2.944428 -1.279431
 -1.617736 -1.184873 -1.481604 -1.314551
 -1.456362 -1.363989 -1.393842 -1.335001
 -2.055723 -0.999673 -1.551169 -1.231002
 -1.326516 0.000100 0.000100 0.000100
 -1.565745 0.000100 0.000100 0.000100
 -1.322655 0.000100 0.000100 0.000100
 -1.350000 0.000100 0.000100 0.000100
 -1.211090 -1.584604 -1.285198 -1.511844
 -1.272615 -1.317465 -1.602094 -1.383840
 -1.176730 -1.542374 -1.439719 -1.423590
 -1.609438 -1.404277 -1.282916 -1.282916
 -1.322229 -1.598159 -1.234036 -1.426801
 -1.174774 -1.455287 -1.889739 -1.181994
 -1.338285 -1.795866 -1.346128 -1.166435
 -1.793840 -1.380077 -1.158588 -1.316055
 -1.277661 -1.712978 -1.338285 -1.277661
 -1.238374 -1.548529 -1.548529 -1.255181
 -1.347074 -1.671313 -1.362578 -1.217396
 -1.667890 -1.215023 -1.325885 -1.389964
 -1.222549 -1.649067 -1.257889 -1.473863
 -1.232144 -1.433697 -1.737692 -1.224239
 -1.257889 -1.577242 -1.372081 -1.364049
 -1.587378 -1.360605 -1.283912 -1.339099
 -1.282091 -1.515705 -1.354064 -1.407717
 -1.281852 -1.492675 -1.708194 -1.150389
 -1.270335 -1.411192 -1.462927 -1.411192
 -1.660210 -1.428768 -1.357024 -1.161964
 -1.283346 -1.537771 -1.199965 -1.575871
 -1.440853 -1.459722 -1.422334 -1.238485
 -1.217218 -1.778687 -1.294179 -1.343369
 -1.660537 -1.435454 -1.207670 -1.298054
 -1.274742 -1.680207 -1.143064 -1.535626
 -1.215200 -1.372042 -1.604664 -1.391091
 -1.272181 -1.738270 -1.368145 -1.240024
 -1.581877 -1.289353 -1.333804 -1.364576
 -1.233532 -1.619194 -1.331512 -1.399980
 -1.509908 -1.400346 -1.644944 -1.080179
 -1.208568 -1.531968 -1.436657 -1.396166
 -1.820508 -1.390351 -1.390351 -1.078572
 -1.339203 -1.785489 -1.197703 -1.315486
 -1.176390 -1.567256 -1.483875 -1.361657
 -1.239887 -1.605127 -1.285697 -1.455596
 -1.658228 -1.405885 -1.147403 -1.398717
 -1.196710 -1.709730 -1.337788 -1.368560
 -1.213923 -1.426704 -1.724748 -1.256483
 -1.257302 -1.493266 -1.415708 -1.393567
 -1.557633 -1.404871 -1.340332 -1.265109
 -1.424613 -1.531711 -1.272697 -1.335001
 -1.377078 -1.323493 -1.711716 -1.200891
 -1.373501 -1.622397 -1.365062 -1.224205
 -1.549495 -1.413693 -1.382441 -1.226095
 -1.236763 -1.598742 -1.362914 -1.379863
 -1.325670 -1.627456 -1.359861 -1.268511
 -1.329136 -1.420486 -1.394733 -1.403244
 -1.644018 -1.413495 -1.138764 -1.413495
 -1.346128 -1.859582 -1.220502 -1.241556
 -1.180389 -1.426347 -1.628086 -1.361207
 -1.304949 -1.565232 -1.354781 -1.340288
 -1.763924 -1.506095 -1.229842 -1.156720
 -1.380178 -1.761545 -1.236536 -1.250720
 -1.340001 -1.249029 -1.717295 -1.302614
 -1.457246 -1.545022 -1.259636 -1.309116
 -1.669720 -1.320842 -1.334635 -1.267496
 -1.146403 -1.805182 -1.297063 -1.408767
 -1.148284 -1.473706 -1.473706 -1.493124
 -1.264763 -1.789773 -1.433098 -1.164345
 -1.816082 -1.457137 -1.187474 -1.205823
 -1.299283 -1.623070 -1.264436 -1.396013
 -1.055731 -1.591557 -1.542164 -1.450146
 -1.402043 -1.426140 -1.418043 -1.303851
 -1.689794 -1.298028 -1.237810 -1.376922
 -1.427116 -1.541779 -1.231002 -1.370421
 -1.397493 -1.294839 -1.750314 -1.187042
 -1.330671 -1.695911 -1.408229 -1.178655
 -1.644602 -1.436305 -1.378197 -1.148623
 -1.168382 -1.761778 -1.175400 -1.566878
 -1.123930 -1.543480 -1.471654 -1.461802
 -1.289445 -1.635190 -1.312792 -1.344795
 -1.602517 -1.458268 -1.141172 -1.400281
 -1.386294 -1.810735 -1.170698 -1.286211
 -1.261574 -1.373841 -1.478102 -1.445667
 -1.306529 -1.426816 -1.457352 -1.361338
 -1.493336 -1.522606 -1.483767 -1.107289
 -1.496109 -1.639897 -1.158363 -1.316768
 -1.391045 -1.460038 -1.579097 -1.162204
 -1.319208 -1.599285 -1.311604 -1.342375
 -1.678964 -1.480113 -1.215230 -1.240709
 -1.229596 -1.774059 -1.422662 -1.214444
 -1.330205 -1.648658 -1.673976 -1.033473
 -1.291834 -1.628306 -1.238842 -1.430236
 -1.775499 -1.471816 -1.131949 -1.277661
 -1.475387 -1.643268 -1.113272 -1.388376
 -1.187740 -1.527608 -1.415130 -1.447565
 -1.359626 -1.454185 -1.226095 -1.531476
 -1.621971 -1.411521 -1.231636 -1.320867
 -15.367320 -15.367320 -15.367320 -0.000001
 -15.285687 -15.285687 -15.285687 -0.000001
 -15.552463 -15.552463 -15.552463 -0.000001
 -15.369436 -15.369436 -15.369436 -0.000001
 -1.386294 -1.386294 -1.386294 -1.386294
 -1.386294 -1.386294 -1.386294 -1.386294
 -1.386294 -1.386294 -1.386294 -1.386294
 -0.000000 -16.784899 -16.784899 -16.784899
 -16.784899 -16.784899 -0.000000 -16.784899
 -1.386294 -1.386294 -1.386294 -1.386294
 -1.386294 -1.386294 -1.386294 -1.386294
 -1.386294 -1.386294 -1.386294 -1.386294
 -1.386294 -1.386294 -1.386294 -1.386294
 -1.386294 -1.386294 -1.386294 -1.386294
 -1.209808 -1.460876 -1.372023 -1.531926
 -1.386294 -1.386294 -1.386294 -1.386294
 -1.308505 -1.481949 -1.520563 -1.258805
 -1.208408 -1.682865 -1.706963 -1.096403
 -1.191900 -1.558144 -1.457603 -1.374222
 -1.437463 -1.333103 -1.360502 -1.417660
 -1.264828 -1.864449 -1.213862 -1.325453
 -1.168268 -1.501760 -1.383977 -1.533508
 -1.193228 -1.724620 -1.256241 -1.453305
 -1.701989 -1.569721 -1.247253 -1.132324
